[1900000, 1910000]: 20
[1910000, 1920000]: 27
[1920000, 1930000]: 143
[1930000, 1940000]: 27
[1940000, 1950000]: 31
[1950000, 1960000]: 19
[1960000, 1970000]: 47
[1970000, 1980000]: 394
[1980000, 1990000]: 60
[1990000, 2000000]: 17
[2000000, 2010000]: 6
[2010000, 2020000]: 481
[2020000, 2030000]: 72
[2030000, 2040000]: 21
[2040000, 2050000]: 11
[2050000, 2060000]: 5
[2060000, 2070000]: 13
[2070000, 2080000]: 12
[2080000, 2090000]: 133
[2090000, 2100000]: 7
[2100000, 2110000]: 11
[2110000, 2120000]: 18
[2120000, 2130000]: 7
[2130000, 2140000]: 5
[2140000, 2150000]: 8
[2150000, 2160000]: 100
[2160000, 2170000]: 23
[2170000, 2180000]: 12
[2180000, 2190000]: 7
[2190000, 2200000]: 8
[2200000, 2210000]: 20
[2210000, 2220000]: 18
[2220000, 2230000]: 45
[2230000, 2240000]: 3
[2240000, 2250000]: 8
[2250000, 2260000]: 375
[2260000, 2270000]: 21
[2270000, 2280000]: 2
[2280000, 2290000]: 5
[2290000, 2300000]: 14
[2300000, 2310000]: 12
[2310000, 2320000]: 12
[2320000, 2330000]: 3
[2330000, 2340000]: 6
[2340000, 2350000]: 5
[2350000, 2360000]: 12
[2360000, 2370000]: 9
[2370000, 2380000]: 15
[2380000, 2390000]: 4
[2390000, 2400000]: 3
[2400000, 2410000]: 3
[2410000, 2420000]: 30
[2420000, 2430000]: 7
[2440000, 2450000]: 22
[2450000, 2460000]: 5
[2460000, 2470000]: 41
[2470000, 2480000]: 7
[2480000, 2490000]: 1
[2510000, 2520000]: 227
[2520000, 2530000]: 1
[2540000, 2550000]: 1
[2570000, 2580000]: 2
[2580000, 2590000]: 2
[2600000, 2610000]: 9
[2610000, 2620000]: 1
[2680000, 2690000]: 3
[2690000, 2700000]: 62
[2700000, 2710000]: 9
[2730000, 2740000]: 1
[2920000, 2930000]: 3
[2930000, 2940000]: 6
[2960000, 2970000]: 1
[2980000, 2990000]: 1
[3020000, 3030000]: 1
[3060000, 3070000]: 1
[3070000, 3080000]: 1
[3150000, 3160000]: 9
[3290000, 3300000]: 1
[3310000, 3320000]: 1
[3370000, 3380000]: 4
[3600000, 3610000]: 2
[3860000, 3870000]: 1
[3950000, 3960000]: 1
[4020000, 4030000]: 1
[4030000, 4040000]: 1
[4050000, 4060000]: 8
