[40000, 50000]: 561
[50000, 60000]: 891
[60000, 70000]: 719
[70000, 80000]: 1226
[80000, 90000]: 668
[90000, 100000]: 1939
[100000, 110000]: 1871
[110000, 120000]: 1930
[120000, 130000]: 1323
[130000, 140000]: 4792
[140000, 150000]: 2239
[150000, 160000]: 3653
[160000, 170000]: 1919
[170000, 180000]: 2131
[180000, 190000]: 8745
[190000, 200000]: 1537
[200000, 210000]: 4017
[210000, 220000]: 1475
[220000, 230000]: 10013
[230000, 240000]: 3343
[240000, 250000]: 4206
[250000, 260000]: 6796
[260000, 270000]: 5186
[270000, 280000]: 10328
[280000, 290000]: 5728
[290000, 300000]: 3721
[300000, 310000]: 1766
[310000, 320000]: 6009
[320000, 330000]: 2248
[330000, 340000]: 3720
[340000, 350000]: 2462
[350000, 360000]: 1719
[360000, 370000]: 3200
[370000, 380000]: 1224
[380000, 390000]: 2579
[390000, 400000]: 1411
[400000, 410000]: 2789
[410000, 420000]: 1579
[420000, 430000]: 1050
[430000, 440000]: 1641
[440000, 450000]: 1471
[450000, 460000]: 13199
[460000, 470000]: 1196
[470000, 480000]: 2297
[480000, 490000]: 1655
[490000, 500000]: 5161
[500000, 510000]: 3701
[510000, 520000]: 2222
[520000, 530000]: 5496
[530000, 540000]: 2672
[540000, 550000]: 8587
[550000, 560000]: 2019
[560000, 570000]: 2139
[570000, 580000]: 1832
[580000, 590000]: 2375
[590000, 600000]: 3189
[600000, 610000]: 1581
[610000, 620000]: 1120
[620000, 630000]: 1222
[630000, 640000]: 1810
[640000, 650000]: 3265
[650000, 660000]: 1243
[660000, 670000]: 839
[670000, 680000]: 11388
[680000, 690000]: 686
[690000, 700000]: 895
[700000, 710000]: 1308
[710000, 720000]: 916
[720000, 730000]: 2678
[730000, 740000]: 857
[740000, 750000]: 1054
[750000, 760000]: 4424
[760000, 770000]: 1978
[770000, 780000]: 1123
[780000, 790000]: 3633
[790000, 800000]: 1222
[800000, 810000]: 4847
[810000, 820000]: 2276
[820000, 830000]: 799
[830000, 840000]: 2468
[840000, 850000]: 1169
[850000, 860000]: 1109
[860000, 870000]: 778
[870000, 880000]: 640
[880000, 890000]: 881
[890000, 900000]: 579
[900000, 910000]: 7230
[910000, 920000]: 715
[920000, 930000]: 627
[930000, 940000]: 518
[940000, 950000]: 2423
[950000, 960000]: 505
[960000, 970000]: 523
[970000, 980000]: 1157
