[980000, 990000]: 697
[990000, 1000000]: 778
[1000000, 1010000]: 2587
[1010000, 1020000]: 656
[1020000, 1030000]: 1438
[1030000, 1040000]: 868
[1040000, 1050000]: 1463
[1050000, 1060000]: 905
[1060000, 1070000]: 725
[1070000, 1080000]: 3252
[1080000, 1090000]: 760
[1090000, 1100000]: 768
[1100000, 1110000]: 421
[1110000, 1120000]: 1009
[1120000, 1130000]: 4199
[1130000, 1140000]: 492
[1140000, 1150000]: 301
[1150000, 1160000]: 379
[1160000, 1170000]: 365
[1170000, 1180000]: 474
[1180000, 1190000]: 586
[1190000, 1200000]: 478
[1200000, 1210000]: 431
[1210000, 1220000]: 427
[1220000, 1230000]: 1224
[1230000, 1240000]: 599
[1240000, 1250000]: 268
[1250000, 1260000]: 1642
[1260000, 1270000]: 532
[1270000, 1280000]: 263
[1280000, 1290000]: 2865
[1290000, 1300000]: 516
[1300000, 1310000]: 789
[1310000, 1320000]: 688
[1320000, 1330000]: 532
[1330000, 1340000]: 385
[1340000, 1350000]: 343
[1350000, 1360000]: 2690
[1360000, 1370000]: 99
[1370000, 1380000]: 197
[1380000, 1390000]: 172
[1390000, 1400000]: 172
[1400000, 1410000]: 111
[1410000, 1420000]: 148
[1420000, 1430000]: 137
[1430000, 1440000]: 419
[1440000, 1450000]: 192
[1450000, 1460000]: 188
[1460000, 1470000]: 503
[1470000, 1480000]: 106
[1480000, 1490000]: 233
[1490000, 1500000]: 232
[1500000, 1510000]: 391
[1510000, 1520000]: 305
[1520000, 1530000]: 350
[1530000, 1540000]: 237
[1540000, 1550000]: 1430
[1550000, 1560000]: 96
[1560000, 1570000]: 148
[1570000, 1580000]: 974
[1580000, 1590000]: 72
[1590000, 1600000]: 55
[1600000, 1610000]: 51
[1610000, 1620000]: 87
[1620000, 1630000]: 107
[1630000, 1640000]: 106
[1640000, 1650000]: 143
[1650000, 1660000]: 27
[1660000, 1670000]: 119
[1670000, 1680000]: 61
[1680000, 1690000]: 160
[1690000, 1700000]: 47
[1700000, 1710000]: 35
[1710000, 1720000]: 126
[1720000, 1730000]: 408
[1730000, 1740000]: 60
[1740000, 1750000]: 47
[1750000, 1760000]: 103
[1760000, 1770000]: 672
[1770000, 1780000]: 78
[1780000, 1790000]: 44
[1790000, 1800000]: 38
[1800000, 1810000]: 931
[1810000, 1820000]: 33
[1820000, 1830000]: 68
[1830000, 1840000]: 23
[1840000, 1850000]: 35
[1850000, 1860000]: 20
[1860000, 1870000]: 29
[1870000, 1880000]: 36
[1880000, 1890000]: 165
[1890000, 1900000]: 25
